Running 30s test @ http://127.0.0.1:8080/
  8 threads and 200 connections
  Thread calibration: mean lat.: 97.760ms, rate sampling interval: 996ms
  Thread calibration: mean lat.: 46.413ms, rate sampling interval: 423ms
  Thread calibration: mean lat.: 2.000ms, rate sampling interval: 10ms
  Thread calibration: mean lat.: 80.695ms, rate sampling interval: 870ms
  Thread calibration: mean lat.: 49.187ms, rate sampling interval: 464ms
  Thread calibration: mean lat.: 67.601ms, rate sampling interval: 696ms
  Thread calibration: mean lat.: 49.029ms, rate sampling interval: 429ms
  Thread calibration: mean lat.: 43.883ms, rate sampling interval: 406ms
  Thread Stats   Avg      Stdev     Max   +/- Stdev
    Latency     1.97ms    2.25ms  43.84ms   91.58%
    Req/Sec     6.57k     1.24k   14.78k    70.82%
  Latency Distribution (HdrHistogram - Recorded Latency)
 50.000%    1.39ms
 75.000%    2.39ms
 90.000%    3.95ms
 99.000%    9.98ms
 99.900%   29.20ms
 99.990%   37.89ms
 99.999%   42.24ms
100.000%   43.87ms

  Detailed Percentile spectrum:
       Value   Percentile   TotalCount 1/(1-Percentile)

       0.033     0.000000            1         1.00
       0.478     0.100000        99621         1.11
       0.719     0.200000       199002         1.25
       0.936     0.300000       298300         1.43
       1.155     0.400000       397547         1.67
       1.393     0.500000       497010         2.00
       1.526     0.550000       546547         2.22
       1.679     0.600000       596180         2.50
       1.864     0.650000       645904         2.86
       2.091     0.700000       695484         3.33
       2.389     0.750000       745347         4.00
       2.569     0.775000       770014         4.44
       2.779     0.800000       794826         5.00
       3.017     0.825000       819807         5.71
       3.281     0.850000       844629         6.67
       3.587     0.875000       869457         8.00
       3.763     0.887500       881882         8.89
       3.951     0.900000       894293        10.00
       4.155     0.912500       906775        11.43
       4.395     0.925000       919210        13.33
       4.679     0.937500       931449        16.00
       4.847     0.943750       937706        17.78
       5.031     0.950000       943869        20.00
       5.243     0.956250       950072        22.86
       5.503     0.962500       956272        26.67
       5.851     0.968750       962533        32.00
       6.063     0.971875       965596        35.56
       6.311     0.975000       968716        40.00
       6.627     0.978125       971799        45.71
       7.071     0.981250       974921        53.33
       7.683     0.984375       978013        64.00
       8.087     0.985938       979564        71.11
       8.703     0.987500       981131        80.00
       9.447     0.989062       982674        91.43
      10.391     0.990625       984218       106.67
      11.511     0.992188       985772       128.00
      12.239     0.992969       986547       142.22
      13.071     0.993750       987321       160.00
      14.095     0.994531       988096       182.86
      15.431     0.995313       988871       213.33
      17.263     0.996094       989647       256.00
      18.399     0.996484       990042       284.44
      19.615     0.996875       990423       320.00
      20.959     0.997266       990812       365.71
      22.655     0.997656       991199       426.67
      24.751     0.998047       991592       512.00
      25.791     0.998242       991781       568.89
      26.719     0.998437       991976       640.00
      27.519     0.998633       992169       731.43
      28.367     0.998828       992364       853.33
      29.375     0.999023       992557      1024.00
      29.951     0.999121       992657      1137.78
      30.351     0.999219       992752      1280.00
      30.975     0.999316       992848      1462.86
      31.407     0.999414       992951      1706.67
      31.951     0.999512       993042      2048.00
      32.431     0.999561       993091      2275.56
      33.119     0.999609       993140      2560.00
      33.759     0.999658       993191      2925.71
      34.303     0.999707       993240      3413.33
      34.847     0.999756       993285      4096.00
      35.103     0.999780       993310      4551.11
      35.327     0.999805       993334      5120.00
      35.615     0.999829       993359      5851.43
      36.255     0.999854       993382      6826.67
      37.535     0.999878       993406      8192.00
      37.695     0.999890       993418      9102.22
      37.887     0.999902       993431     10240.00
      38.175     0.999915       993444     11702.86
      38.367     0.999927       993459     13653.33
      38.623     0.999939       993468     16384.00
      38.815     0.999945       993474     18204.44
      39.231     0.999951       993480     20480.00
      39.487     0.999957       993486     23405.71
      39.711     0.999963       993491     27306.67
      40.479     0.999969       993497     32768.00
      41.055     0.999973       993500     36408.89
      41.247     0.999976       993503     40960.00
      41.343     0.999979       993506     46811.43
      41.471     0.999982       993511     54613.33
      41.599     0.999985       993512     65536.00
      41.919     0.999986       993514     72817.78
      42.079     0.999988       993515     81920.00
      42.239     0.999989       993517     93622.86
      42.271     0.999991       993518    109226.67
      42.399     0.999992       993520    131072.00
      42.431     0.999993       993521    145635.56
      42.431     0.999994       993521    163840.00
      42.495     0.999995       993522    187245.71
      42.527     0.999995       993523    218453.33
      42.559     0.999996       993524    262144.00
      42.559     0.999997       993524    291271.11
      42.559     0.999997       993524    327680.00
      42.687     0.999997       993525    374491.43
      42.687     0.999998       993525    436906.67
      42.751     0.999998       993526    524288.00
      42.751     0.999998       993526    582542.22
      42.751     0.999998       993526    655360.00
      42.751     0.999999       993526    748982.86
      42.751     0.999999       993526    873813.33
      43.871     0.999999       993527   1048576.00
      43.871     1.000000       993527          inf
#[Mean    =        1.967, StdDeviation   =        2.248]
#[Max     =       43.840, Total count    =       993527]
#[Buckets =           27, SubBuckets     =         2048]
----------------------------------------------------------
  1490888 requests in 30.00s, 8.11GB read
Requests/sec:  49701.68
Transfer/sec:    276.95MB
