Running 30s test @ http://127.0.0.1:8080/
  8 threads and 200 connections
  Thread calibration: mean lat.: 619.501ms, rate sampling interval: 3579ms
  Thread calibration: mean lat.: 567.245ms, rate sampling interval: 4259ms
  Thread calibration: mean lat.: 656.942ms, rate sampling interval: 4308ms
  Thread calibration: mean lat.: 423.008ms, rate sampling interval: 3639ms
  Thread calibration: mean lat.: 445.262ms, rate sampling interval: 2553ms
  Thread calibration: mean lat.: 573.260ms, rate sampling interval: 4014ms
  Thread calibration: mean lat.: 361.010ms, rate sampling interval: 2359ms
  Thread calibration: mean lat.: 478.614ms, rate sampling interval: 3432ms
  Thread Stats   Avg      Stdev     Max   +/- Stdev
    Latency     2.21s     1.49s    7.65s    65.62%
    Req/Sec     6.11k     2.89k   11.67k    59.52%
  Latency Distribution (HdrHistogram - Recorded Latency)
 50.000%    2.02s 
 75.000%    3.24s 
 90.000%    4.25s 
 99.000%    6.09s 
 99.900%    7.08s 
 99.990%    7.54s 
 99.999%    7.64s 
100.000%    7.66s 

  Detailed Percentile spectrum:
       Value   Percentile   TotalCount 1/(1-Percentile)

       0.058     0.000000            1         1.00
     328.703     0.100000       104513         1.11
     840.191     0.200000       209053         1.25
    1226.751     0.300000       313551         1.43
    1595.391     0.400000       418250         1.67
    2023.423     0.500000       522736         2.00
    2252.799     0.550000       575079         2.22
    2482.175     0.600000       627263         2.50
    2721.791     0.650000       679528         2.86
    2975.743     0.700000       731770         3.33
    3237.887     0.750000       784100         4.00
    3377.151     0.775000       810226         4.44
    3518.463     0.800000       836232         5.00
    3665.919     0.825000       862250         5.71
    3837.951     0.850000       888542         6.67
    4030.463     0.875000       914478         8.00
    4134.911     0.887500       927767         8.89
    4247.551     0.900000       940911        10.00
    4378.623     0.912500       953973        11.43
    4530.175     0.925000       966833        13.33
    4710.399     0.937500       979815        16.00
    4808.703     0.943750       986395        17.78
    4915.199     0.950000       993011        20.00
    5033.983     0.956250       999421        22.86
    5169.151     0.962500      1006013        26.67
    5316.607     0.968750      1012468        32.00
    5402.623     0.971875      1015722        35.56
    5500.927     0.975000      1019074        40.00
    5603.327     0.978125      1022305        45.71
    5713.919     0.981250      1025547        53.33
    5832.703     0.984375      1028856        64.00
    5898.239     0.985938      1030454        71.11
    5963.775     0.987500      1032088        80.00
    6037.503     0.989062      1033696        91.43
    6119.423     0.990625      1035315       106.67
    6197.247     0.992188      1036957       128.00
    6242.303     0.992969      1037834       142.22
    6283.263     0.993750      1038575       160.00
    6340.607     0.994531      1039427       182.86
    6406.143     0.995313      1040235       213.33
    6479.871     0.996094      1041028       256.00
    6524.927     0.996484      1041449       284.44
    6569.983     0.996875      1041864       320.00
    6627.327     0.997266      1042267       365.71
    6684.671     0.997656      1042658       426.67
    6762.495     0.998047      1043063       512.00
    6815.743     0.998242      1043268       568.89
    6901.759     0.998437      1043472       640.00
    6963.199     0.998633      1043680       731.43
    7024.639     0.998828      1043883       853.33
    7081.983     0.999023      1044083      1024.00
    7114.751     0.999121      1044189      1137.78
    7147.519     0.999219      1044297      1280.00
    7167.999     0.999316      1044393      1462.86
    7200.767     0.999414      1044501      1706.67
    7225.343     0.999512      1044595      2048.00
    7245.823     0.999561      1044643      2275.56
    7282.687     0.999609      1044695      2560.00
    7319.551     0.999658      1044746      2925.71
    7364.607     0.999707      1044798      3413.33
    7401.471     0.999756      1044850      4096.00
    7426.047     0.999780      1044877      4551.11
    7442.431     0.999805      1044899      5120.00
    7462.911     0.999829      1044931      5851.43
    7479.295     0.999854      1044954      6826.67
    7503.871     0.999878      1044975      8192.00
    7524.351     0.999890      1044988      9102.22
    7548.927     0.999902      1045001     10240.00
    7565.311     0.999915      1045015     11702.86
    7577.599     0.999927      1045028     13653.33
    7598.079     0.999939      1045042     16384.00
    7602.175     0.999945      1045047     18204.44
    7610.367     0.999951      1045054     20480.00
    7614.463     0.999957      1045058     23405.71
    7618.559     0.999963      1045064     27306.67
    7630.847     0.999969      1045076     32768.00
    7630.847     0.999973      1045076     36408.89
    7634.943     0.999976      1045083     40960.00
    7634.943     0.999979      1045083     46811.43
    7634.943     0.999982      1045083     54613.33
    7639.039     0.999985      1045088     65536.00
    7639.039     0.999986      1045088     72817.78
    7643.135     0.999988      1045094     81920.00
    7643.135     0.999989      1045094     93622.86
    7643.135     0.999991      1045094    109226.67
    7647.231     0.999992      1045097    131072.00
    7647.231     0.999993      1045097    145635.56
    7647.231     0.999994      1045097    163840.00
    7647.231     0.999995      1045097    187245.71
    7651.327     0.999995      1045101    218453.33
    7651.327     0.999996      1045101    262144.00
    7651.327     0.999997      1045101    291271.11
    7651.327     0.999997      1045101    327680.00
    7651.327     0.999997      1045101    374491.43
    7651.327     0.999998      1045101    436906.67
    7651.327     0.999998      1045101    524288.00
    7651.327     0.999998      1045101    582542.22
    7651.327     0.999998      1045101    655360.00
    7651.327     0.999999      1045101    748982.86
    7651.327     0.999999      1045101    873813.33
    7655.423     0.999999      1045102   1048576.00
    7655.423     1.000000      1045102          inf
#[Mean    =     2209.467, StdDeviation   =     1488.055]
#[Max     =     7651.328, Total count    =      1045102]
#[Buckets =           27, SubBuckets     =         2048]
----------------------------------------------------------
  1467684 requests in 30.00s, 7.99GB read
Requests/sec:  48923.23
Transfer/sec:    272.62MB
