Running 30s test @ http://127.0.0.1:8080/
  8 threads and 200 connections
  Thread calibration: mean lat.: 420.199ms, rate sampling interval: 3137ms
  Thread calibration: mean lat.: 734.342ms, rate sampling interval: 4833ms
  Thread calibration: mean lat.: 519.533ms, rate sampling interval: 3610ms
  Thread calibration: mean lat.: 710.879ms, rate sampling interval: 3913ms
  Thread calibration: mean lat.: 218.443ms, rate sampling interval: 1118ms
  Thread calibration: mean lat.: 560.417ms, rate sampling interval: 3379ms
  Thread calibration: mean lat.: 407.430ms, rate sampling interval: 3108ms
  Thread calibration: mean lat.: 658.136ms, rate sampling interval: 3305ms
  Thread Stats   Avg      Stdev     Max   +/- Stdev
    Latency   908.31ms  822.25ms   4.19s    65.65%
    Req/Sec     6.18k     1.51k   10.67k    72.22%
  Latency Distribution (HdrHistogram - Recorded Latency)
 50.000%  705.02ms
 75.000%    1.44s 
 90.000%    2.12s 
 99.000%    3.18s 
 99.900%    3.76s 
 99.990%    4.05s 
 99.999%    4.18s 
100.000%    4.19s 

  Detailed Percentile spectrum:
       Value   Percentile   TotalCount 1/(1-Percentile)

       0.069     0.000000            1         1.00
      21.791     0.100000        99793         1.11
     125.183     0.200000       199581         1.25
     276.479     0.300000       299429         1.43
     463.359     0.400000       399226         1.67
     705.023     0.500000       498899         2.00
     841.215     0.550000       548913         2.22
     980.479     0.600000       598836         2.50
    1124.351     0.650000       648862         2.86
    1275.903     0.700000       698477         3.33
    1443.839     0.750000       748430         4.00
    1533.951     0.775000       773322         4.44
    1625.087     0.800000       798461         5.00
    1723.391     0.825000       823384         5.71
    1837.055     0.850000       848177         6.67
    1966.079     0.875000       873070         8.00
    2037.759     0.887500       885586         8.89
    2115.583     0.900000       898245        10.00
    2195.455     0.912500       910502        11.43
    2293.759     0.925000       923137        13.33
    2406.399     0.937500       935463        16.00
    2467.839     0.943750       941791        17.78
    2531.327     0.950000       947881        20.00
    2600.959     0.956250       954201        22.86
    2676.735     0.962500       960450        26.67
    2752.511     0.968750       966684        32.00
    2793.471     0.971875       969761        35.56
    2838.527     0.975000       972806        40.00
    2887.679     0.978125       975930        45.71
    2951.167     0.981250       979100        53.33
    3018.751     0.984375       982190        64.00
    3059.711     0.985938       983791        71.11
    3098.623     0.987500       985277        80.00
    3147.775     0.989062       986887        91.43
    3201.023     0.990625       988399       106.67
    3256.319     0.992188       989975       128.00
    3282.943     0.992969       990780       142.22
    3315.711     0.993750       991534       160.00
    3346.431     0.994531       992338       182.86
    3379.199     0.995313       993128       213.33
    3414.015     0.996094       993861       256.00
    3438.591     0.996484       994263       284.44
    3467.263     0.996875       994657       320.00
    3512.319     0.997266       995023       365.71
    3573.759     0.997656       995419       426.67
    3631.103     0.998047       995815       512.00
    3655.679     0.998242       996014       568.89
    3684.351     0.998437       996196       640.00
    3708.927     0.998633       996390       731.43
    3737.599     0.998828       996585       853.33
    3764.223     0.999023       996776      1024.00
    3780.607     0.999121       996880      1137.78
    3796.991     0.999219       996977      1280.00
    3815.423     0.999316       997067      1462.86
    3835.903     0.999414       997167      1706.67
    3858.431     0.999512       997272      2048.00
    3868.671     0.999561       997315      2275.56
    3880.959     0.999609       997360      2560.00
    3899.391     0.999658       997414      2925.71
    3915.775     0.999707       997462      3413.33
    3938.303     0.999756       997505      4096.00
    3950.591     0.999780       997529      4551.11
    3973.119     0.999805       997557      5120.00
    3983.359     0.999829       997578      5851.43
    4001.791     0.999854       997602      6826.67
    4022.271     0.999878       997627      8192.00
    4036.607     0.999890       997640      9102.22
    4050.943     0.999902       997652     10240.00
    4059.135     0.999915       997664     11702.86
    4081.663     0.999927       997675     13653.33
    4104.191     0.999939       997688     16384.00
    4110.335     0.999945       997694     18204.44
    4118.527     0.999951       997700     20480.00
    4124.671     0.999957       997706     23405.71
    4134.911     0.999963       997712     27306.67
    4143.103     0.999969       997718     32768.00
    4147.199     0.999973       997721     36408.89
    4155.391     0.999976       997725     40960.00
    4159.487     0.999979       997728     46811.43
    4165.631     0.999982       997730     54613.33
    4169.727     0.999985       997733     65536.00
    4171.775     0.999986       997735     72817.78
    4173.823     0.999988       997737     81920.00
    4175.871     0.999989       997739     93622.86
    4175.871     0.999991       997739    109226.67
    4179.967     0.999992       997741    131072.00
    4182.015     0.999993       997744    145635.56
    4182.015     0.999994       997744    163840.00
    4182.015     0.999995       997744    187245.71
    4182.015     0.999995       997744    218453.33
    4186.111     0.999996       997745    262144.00
    4186.111     0.999997       997745    291271.11
    4186.111     0.999997       997745    327680.00
    4188.159     0.999997       997748    374491.43
    4188.159     1.000000       997748          inf
#[Mean    =      908.312, StdDeviation   =      822.251]
#[Max     =     4186.112, Total count    =       997748]
#[Buckets =           27, SubBuckets     =         2048]
----------------------------------------------------------
  1480067 requests in 30.00s, 8.05GB read
Requests/sec:  49335.01
Transfer/sec:    274.91MB
