Running 30s test @ http://127.0.0.1:8080/
  8 threads and 200 connections
  Thread calibration: mean lat.: 532.408ms, rate sampling interval: 4521ms
  Thread calibration: mean lat.: 589.350ms, rate sampling interval: 4007ms
  Thread calibration: mean lat.: 67.959ms, rate sampling interval: 333ms
  Thread calibration: mean lat.: 314.150ms, rate sampling interval: 2670ms
  Thread calibration: mean lat.: 125.535ms, rate sampling interval: 801ms
  Thread calibration: mean lat.: 299.910ms, rate sampling interval: 2269ms
  Thread calibration: mean lat.: 412.654ms, rate sampling interval: 2834ms
  Thread calibration: mean lat.: 98.005ms, rate sampling interval: 157ms
  Thread Stats   Avg      Stdev     Max   +/- Stdev
    Latency   146.19ms  267.55ms   2.78s    89.68%
    Req/Sec     6.26k   785.73     9.98k    76.07%
  Latency Distribution (HdrHistogram - Recorded Latency)
 50.000%   37.95ms
 75.000%  157.95ms
 90.000%  424.45ms
 99.000%    1.32s 
 99.900%    2.39s 
 99.990%    2.75s 
 99.999%    2.78s 
100.000%    2.78s 

  Detailed Percentile spectrum:
       Value   Percentile   TotalCount 1/(1-Percentile)

       0.052     0.000000            1         1.00
       2.501     0.100000        99434         1.11
       8.727     0.200000       198888         1.25
      16.703     0.300000       298332         1.43
      23.455     0.400000       397732         1.67
      37.951     0.500000       497183         2.00
      47.999     0.550000       546856         2.22
      62.559     0.600000       596575         2.50
      82.303     0.650000       646311         2.86
     110.335     0.700000       695997         3.33
     157.951     0.750000       745715         4.00
     190.463     0.775000       770609         4.44
     224.767     0.800000       795427         5.00
     262.911     0.825000       820273         5.71
     305.919     0.850000       845094         6.67
     356.095     0.875000       869970         8.00
     386.047     0.887500       882409         8.89
     424.447     0.900000       894851        10.00
     467.455     0.912500       907265        11.43
     515.071     0.925000       919671        13.33
     568.319     0.937500       932197        16.00
     596.479     0.943750       938357        17.78
     633.855     0.950000       944522        20.00
     686.079     0.956250       950731        22.86
     748.031     0.962500       956985        26.67
     815.615     0.968750       963189        32.00
     856.063     0.971875       966288        35.56
     899.583     0.975000       969394        40.00
     952.319     0.978125       972487        45.71
    1015.807     0.981250       975606        53.33
    1097.727     0.984375       978718        64.00
    1154.047     0.985938       980258        71.11
    1220.607     0.987500       981833        80.00
    1278.975     0.989062       983358        91.43
    1339.391     0.990625       984911       106.67
    1456.127     0.992188       986462       128.00
    1535.999     0.992969       987246       142.22
    1604.607     0.993750       988017       160.00
    1675.263     0.994531       988789       182.86
    1739.775     0.995313       989571       213.33
    1812.479     0.996094       990359       256.00
    1899.519     0.996484       990732       284.44
    1959.935     0.996875       991120       320.00
    2028.543     0.997266       991511       365.71
    2073.599     0.997656       991902       426.67
    2115.583     0.998047       992286       512.00
    2158.591     0.998242       992481       568.89
    2187.263     0.998437       992682       640.00
    2211.839     0.998633       992871       731.43
    2318.335     0.998828       993062       853.33
    2398.207     0.999023       993258      1024.00
    2426.879     0.999121       993354      1137.78
    2459.647     0.999219       993455      1280.00
    2484.223     0.999316       993546      1462.86
    2557.951     0.999414       993644      1706.67
    2656.255     0.999512       993740      2048.00
    2699.263     0.999561       993792      2275.56
    2709.503     0.999609       993846      2560.00
    2715.647     0.999658       993894      2925.71
    2721.791     0.999707       993938      3413.33
    2729.983     0.999756       993994      4096.00
    2732.031     0.999780       994009      4551.11
    2736.127     0.999805       994038      5120.00
    2740.223     0.999829       994069      5851.43
    2742.271     0.999854       994090      6826.67
    2744.319     0.999878       994109      8192.00
    2746.367     0.999890       994125      9102.22
    2748.415     0.999902       994140     10240.00
    2750.463     0.999915       994156     11702.86
    2750.463     0.999927       994156     13653.33
    2752.511     0.999939       994167     16384.00
    2754.559     0.999945       994174     18204.44
    2756.607     0.999951       994180     20480.00
    2758.655     0.999957       994190     23405.71
    2758.655     0.999963       994190     27306.67
    2762.751     0.999969       994199     32768.00
    2762.751     0.999973       994199     36408.89
    2764.799     0.999976       994203     40960.00
    2766.847     0.999979       994206     46811.43
    2768.895     0.999982       994209     54613.33
    2770.943     0.999985       994211     65536.00
    2772.991     0.999986       994214     72817.78
    2772.991     0.999988       994214     81920.00
    2775.039     0.999989       994218     93622.86
    2775.039     0.999991       994218    109226.67
    2775.039     0.999992       994218    131072.00
    2777.087     0.999993       994222    145635.56
    2777.087     0.999994       994222    163840.00
    2777.087     0.999995       994222    187245.71
    2777.087     0.999995       994222    218453.33
    2777.087     0.999996       994222    262144.00
    2777.087     0.999997       994222    291271.11
    2777.087     0.999997       994222    327680.00
    2779.135     0.999997       994224    374491.43
    2779.135     0.999998       994224    436906.67
    2779.135     0.999998       994224    524288.00
    2779.135     0.999998       994224    582542.22
    2779.135     0.999998       994224    655360.00
    2779.135     0.999999       994224    748982.86
    2779.135     0.999999       994224    873813.33
    2781.183     0.999999       994225   1048576.00
    2781.183     1.000000       994225          inf
#[Mean    =      146.185, StdDeviation   =      267.553]
#[Max     =     2779.136, Total count    =       994225]
#[Buckets =           27, SubBuckets     =         2048]
----------------------------------------------------------
  1493128 requests in 30.02s, 8.13GB read
Requests/sec:  49737.25
Transfer/sec:    277.15MB
